Signal in whole mass region 2.2 < m < 4.5 GeV:
N_J/psi:	73.8324 pm 9.75707
Mass region 3.0 < m < 3.2 GeV:
N_J/psi:	73.0413 pm 9.65252
N_bkg:  	18.9702 pm 1.15789
