Signal in whole mass region 2.2 < m < 4.5 GeV:
N_J/psi:	74.2029 pm 9.41607
Mass region 3.0 < m < 3.2 GeV:
N_J/psi:	73.8842 pm 9.37563
N_bkg:  	21.571 pm 1.17776
