Signal in whole mass region 2.2 < m < 4.5 GeV:
N_J/psi:	74.1197 pm 10.0106
Mass region 3.0 < m < 3.2 GeV:
N_J/psi:	73.9269 pm 9.98458
N_bkg:  	38.1615 pm 1.55581
